# www.neaspec.com
# Scan:	 	Approach Curve (PsHet)
# Project:	 	2103
# Description:	 	WS2 on Si ret
# Date:	 	02/04/2022 17:30:54
# Scanner Center Position (X, Y):	[µm]	50.00	50.00	 
# Rotation:	[°]	0	 	 
# Scan Area (X, Y, Z):	[µm]	0.000	0.000	0.200
# Pixel Area (X, Y, Z):	[px]	1	1	200
# Averaging:	 	1	 	 
# Integration time:	[ms]	49	 	 
# Laser Source:	 	
# Detector:	 	None
# Target Wavelength:	[µm]		 	 
# Demodulation Mode:	 	PsHet
# Tip Frequency:	[Hz]	264,132.610	 	 
# Tip Amplitude:	[mV]	111.700	 	 
# Tapping Amplitude:	[nm]	70.684	 	 
# Modulation Frequency:	[Hz]	302.905	 	 
# Modulation Amplitude:	[mV]	5,500.000	 	 
# Modulation Offset:	[mV]	-89.434	 	 
# Setpoint:	[%]	88.80	 	 
# Regulator (P, I, D):	 	10.000000	15.000000	1.000000
# Tip Potential:	[mV]	0.000	 	 
# M1A Scaling:	[nm/V]	6.143	 	 
# Version:	 	1.9.7802.0
Row	Column	Run	Depth	Z	M0A	M0P	M1A	M1P	M2A	M2P	M3A	M3P	M4A	M4P	M5A	M5P	O0A	O0P	O1A	O1P	O2A	O2P	O3A	O3P	O4A	O4P	O5A	O5P	
0	0	0	0	9.774833E-07	189.2685	0	70.7583	2.640204	0.001261576	-1.904354	0.004353158	-2.785389	0.002574048	1.204563	0	0	626.8378	0	79.23373	-2.278048	8.73868	2.737657	1.378066	-2.705722	0.2142083	-3.05846	0	0	
0	0	0	1	9.784716E-07	189.2451	0	72.03456	2.617152	0.001747006	1.328387	0.007810345	-2.94167	0.0009505107	-0.7689546	0	0	626.2663	0	80.73191	-2.276338	8.963706	2.733824	1.423794	-2.699112	0.2049513	-2.926331	0	0	
0	0	0	2	9.794767E-07	189.2771	0	73.48335	2.579664	0.006750348	-2.598491	0.01102752	-2.727349	0.004914864	-2.808016	0	0	626.9318	0	82.48064	-2.273866	9.213614	2.729411	1.452438	-2.664832	0.2244974	-3.046082	0	0	
0	0	0	3	9.804817E-07	189.3118	0	74.90882	2.536727	0.005782883	2.687938	0.003107603	2.795952	0.002435073	-0.1678614	0	0	627.3663	0	84.04538	-2.268098	9.461134	2.729094	1.504595	-2.636989	0.2254346	-3.003659	0	0	
0	0	0	4	9.814867E-07	189.3073	0	76.17448	2.482829	0.004535149	-2.500412	0.003474074	1.160594	0.0003654808	-1.944738	0	0	626.0159	0	85.42022	-2.267874	9.703409	2.735611	1.542112	-2.634989	0.2215312	-2.912928	0	0	
0	0	0	5	9.824918E-07	189.2562	0	77.29948	2.387964	0.007220198	-2.251404	0.009350298	-1.453416	0.001910696	0.4052792	0	0	625.1739	0	87.15755	-2.258973	9.874201	2.736314	1.570285	-2.602355	0.2299882	-3.014881	0	0	
0	0	0	6	9.834968E-07	189.2465	0	77.64704	2.414369	0.002107686	-2.184323	0.002635646	1.293164	0.003400162	-2.783336	0	0	625.1655	0	87.57282	-2.255449	9.856594	2.735893	1.526305	-2.56639	0.2066879	-2.725897	0	0	
0	0	0	7	9.845018E-07	189.2816	0	77.09733	2.524161	0.003596792	-2.521433	0.002581765	2.040505	0.00314936	1.640593	0	0	624.6788	0	87.33208	-2.254576	9.557364	2.727247	1.419835	-2.557207	0.1608517	-2.827475	0	0	
0	0	0	8	9.855067E-07	189.3167	0	77.0659	2.527258	0.003199531	-1.214911	0.00224967	-0.2334205	0.001053875	-1.152123	0	0	624.1901	0	87.54554	-2.24756	9.442681	2.726276	1.365855	-2.498324	0.1458093	-2.913674	0	0	
0	0	0	9	9.865201E-07	189.3187	0	77.03258	2.528119	0.004539873	-2.859356	0.009303379	1.947203	0.00189045	2.315241	0	0	624.5275	0	87.71178	-2.245644	9.312969	2.722452	1.291715	-2.482862	0.1104482	-2.834271	0	0	
0	0	0	10	9.875168E-07	189.2641	0	77.05694	2.528845	0.002406987	-2.539656	0.0008510777	1.034799	0.0004675452	-1.876435	0	0	625.2479	0	88.07284	-2.236478	9.229808	2.71578	1.262756	-2.466202	0.1004921	-2.736866	0	0	
0	0	0	11	9.885218E-07	189.2607	0	77.05892	2.528954	0.004452185	-2.257445	0.004648031	0.2977134	0.002007531	1.121833	0	0	624.1367	0	88.22105	-2.23086	9.129516	2.718609	1.26113	-2.429535	0.08948985	-2.822407	0	0	
0	0	0	12	9.895268E-07	189.3061	0	77.0387	2.529032	0.006842999	-2.601982	0.006042544	-0.3566011	0.0007629035	-2.313984	0	0	623.546	0	88.34576	-2.226869	9.037789	2.722076	1.204197	-2.40621	0.0792096	-2.5608	0	0	
0	0	0	13	9.905319E-07	189.3224	0	77.06561	2.529497	0.006998086	-1.755658	0.004842689	0.8601342	0.003370528	1.118817	0	0	624.4191	0	88.62014	-2.219583	8.96452	2.714012	1.194941	-2.367457	0.05795914	-2.274562	0	0	
0	0	0	14	9.915369E-07	189.3151	0	77.03884	2.529567	0.002276711	-1.415719	0.006987649	0.1363847	0.0007745931	-1.541278	0	0	624.1072	0	88.58938	-2.218553	8.901593	2.715431	1.150041	-2.345623	0.03023168	-2.053097	0	0	
0	0	0	15	9.925419E-07	189.2617	0	76.98613	2.529441	0.004361471	0.4231974	0.00897011	1.86989	0.0004426428	-1.694769	0	0	624.3185	0	88.70279	-2.211107	8.831077	2.716552	1.136427	-2.34343	0.0612929	-2.265297	0	0	
0	0	0	16	9.935469E-07	189.2607	0	77.02019	2.529824	0.002597476	-2.578799	0.002801262	-2.997321	0.001621418	-2.023919	0	0	624.2098	0	88.98612	-2.204114	8.769837	2.710915	1.127221	-2.331193	0.04505618	-1.970682	0	0	
0	0	0	17	9.94552E-07	189.3024	0	77.02681	2.529665	0.003842922	-2.306561	0.008482622	-2.215295	0.001134167	1.277327	0	0	624.5363	0	89.18076	-2.198038	8.716895	2.711197	1.100189	-2.304407	0.02965699	-2.001317	0	0	
0	0	0	18	9.95557E-07	189.326	0	77.03138	2.529852	0.003684217	-2.069821	0.009190881	-2.620591	0.001386511	0.518159	0	0	622.5412	0	89.24715	-2.192845	8.689959	2.718826	1.084285	-2.298327	0.03860717	-3.135376	0	0	
0	0	0	19	9.965704E-07	189.3106	0	77.02125	2.529827	0.002962569	-0.877203	0.002793555	0.379117	0.001460552	-0.3410137	0	0	623.0432	0	89.36974	-2.183363	8.630599	2.716183	1.081579	-2.270786	0.05129376	-2.123099	0	0	
0	0	0	20	9.97567E-07	189.2632	0	77.02809	2.530214	0.00479898	-2.054749	0.007093065	2.189352	0.001092817	1.788379	0	0	622.3108	0	89.44283	-2.175328	8.634601	2.71756	1.034899	-2.26185	0.03462823	-2.17486	0	0	
0	0	0	21	9.985721E-07	189.2705	0	77.03638	2.529832	0.005062815	-2.424581	0.001369599	-2.446106	0.00247769	1.61231	0	0	622.1394	0	89.85597	-2.164481	8.609993	2.716801	1.050746	-2.241948	0.03606842	-1.466342	0	0	
0	0	0	22	9.995771E-07	189.3201	0	77.02158	2.530404	0.002644629	-1.855385	0.005863049	0.8363007	0.002322709	-1.952618	0	0	621.3306	0	89.83285	-2.154471	8.560734	2.723964	1.049455	-2.228329	0.03876594	-1.673056	0	0	
0	0	0	23	1.000582E-06	189.3332	0	77.03654	2.530717	0.005945848	-3.035946	0.005265844	-2.836788	0.002405234	1.028646	0	0	621.8811	0	89.78742	-2.144641	8.520621	2.726342	1.038369	-2.211952	0.03557212	-2.157589	0	0	
0	0	0	24	1.001587E-06	189.3254	0	77.04556	2.529721	0.0008895387	2.894866	0.005717968	2.173003	0.0007209451	-0.7649043	0	0	622.0988	0	89.89663	-2.133333	8.496279	2.731196	1.025229	-2.208952	0.0433451	-1.99095	0	0	
0	0	0	25	1.002592E-06	189.2762	0	77.04579	2.53025	0.004611646	-2.330355	0.001341701	-2.613159	0.001681574	-2.193881	0	0	620.7001	0	90.13303	-2.123911	8.470301	2.735248	0.9956871	-2.191087	0.05489431	-1.335681	0	0	
0	0	0	26	1.003597E-06	189.2697	0	77.06043	2.531099	0.009670525	-2.569868	0.006954807	-1.88966	0.001868991	-2.705428	0	0	621.4031	0	90.29168	-2.108315	8.466683	2.740663	1.001547	-2.155555	0.05588113	-1.67231	0	0	
0	0	0	27	1.004602E-06	189.3214	0	77.05979	2.530812	0.007040336	-2.542835	0.00270441	-0.7886225	0.001196272	-2.370978	0	0	620.1908	0	90.14114	-2.0969	8.460171	2.750768	0.996356	-2.137568	0.02861925	-0.7271736	0	0	
0	0	0	28	1.005616E-06	189.3431	0	77.06127	2.530204	0.006306625	-1.345957	0.003756051	-0.6263269	0.001817722	-1.278277	0	0	619.8325	0	90.01883	-2.087916	8.419127	2.755398	0.9736279	-2.132286	0.04699102	-0.9639621	0	0	
0	0	0	29	1.006612E-06	189.3364	0	77.09929	2.530303	0.002262103	-2.458218	0.008517521	-1.903084	0.002448601	2.380201	0	0	619.1292	0	90.19617	-2.068896	8.389063	2.76819	0.9742914	-2.120347	0.05590032	-1.163454	0	0	
0	0	0	30	1.007617E-06	189.2847	0	77.0474	2.530713	0.005656854	-1.8064	0.005499877	2.987537	0.001548107	-2.907691	0	0	619.1342	0	90.03046	-2.056899	8.402797	2.777463	0.9845169	-2.105354	0.05920978	-0.9446262	0	0	
0	0	0	31	1.008622E-06	189.2859	0	77.05023	2.530261	0.005934129	-1.707745	0.003216144	3.017242	0.001723939	2.869287	0	0	618.439	0	89.9999	-2.044507	8.384958	2.783875	0.9608579	-2.091798	0.01439275	-1.438943	0	0	
0	0	0	32	1.009627E-06	189.3344	0	77.02972	2.530704	0.008651003	-2.640328	0.0060664	-1.790023	0.001859888	3.053507	0	0	618.8456	0	90.15534	-2.031822	8.359317	2.788254	0.986424	-2.084233	0.06152851	-0.6676618	0	0	
0	0	0	33	1.010632E-06	189.3483	0	77.03913	2.530586	0.008261216	-1.822839	0.003950445	-0.5166666	0.0005051029	0.1609632	0	0	617.8216	0	89.92133	-2.020002	8.357162	2.797276	0.9654282	-2.071238	0.05752275	-0.2320684	0	0	
0	0	0	34	1.011637E-06	189.3247	0	77.04579	2.530854	0.001130123	1.299237	0.00861604	-1.220602	0.0002460688	1.683985	0	0	617.7019	0	89.81921	-2.006262	8.340802	2.805734	0.9426806	-2.04925	0.05492986	-0.7101552	0	0	
0	0	0	35	1.012642E-06	189.2825	0	77.06973	2.531303	0.005540442	-1.821975	0.005956517	-0.09647939	0.0007078536	-2.984569	0	0	618.6814	0	90.08832	-1.990498	8.329267	2.808027	0.9339904	-2.030057	0.03775673	-0.5687359	0	0	
0	0	0	36	1.013647E-06	189.2858	0	77.09402	2.530866	0.003612509	-1.787079	0.003021689	1.121709	0.002518415	-2.912629	0	0	617.3845	0	89.9315	-1.982551	8.316208	2.813725	0.9486244	-2.039283	0.07567097	-0.5690074	0	0	
0	0	0	37	1.014653E-06	189.3387	0	77.08614	2.530697	0.00602324	-3.044287	0.008166813	0.3700527	0.002587581	0.8283486	0	0	617.9196	0	90.16191	-1.971431	8.320824	2.814978	0.9420431	-2.018846	0.04900934	-0.9521233	0	0	
0	0	0	38	1.015666E-06	189.3482	0	77.06643	2.531042	0.006330002	-0.3885742	0.006724308	-0.6676753	0.001024256	-3.061839	0	0	616.5806	0	89.83456	-1.964506	8.317792	2.825377	0.9218673	-2.013718	0.05609116	-1.254651	0	0	
0	0	0	39	1.016663E-06	189.3319	0	77.05535	2.530519	0.002207052	-2.348476	0.003074897	-1.9095	0.0001222367	-0.4150058	0	0	617.0355	0	90.02101	-1.95506	8.297355	2.819717	0.9436033	-2.016552	0.03049337	-0.3598456	0	0	
0	0	0	40	1.017668E-06	189.292	0	77.08188	2.531105	0.007706283	-2.850466	0.004223672	-0.6316314	0.001594487	0.06844748	0	0	616.0483	0	89.89813	-1.948542	8.282495	2.8249	0.9266602	-2.037692	0.03984611	-0.7747885	0	0	
0	0	0	41	1.018673E-06	189.2951	0	77.13513	2.530578	0.005564071	-2.317753	0.008773824	-0.5670652	0.001432214	2.142922	0	0	616.573	0	89.81695	-1.94097	8.272544	2.823608	0.9127855	-1.98458	0.03193884	-0.9768878	0	0	
0	0	0	42	1.019678E-06	189.3594	0	77.08807	2.530611	0.007456512	-2.813971	0.004861487	1.695178	0.0009011699	0.3975261	0	0	615.9102	0	89.83684	-1.933748	8.276068	2.829366	0.9035878	-1.995887	0.02484254	-0.4256592	0	0	
0	0	0	43	1.020683E-06	189.3507	0	77.07056	2.530786	0.002774247	-2.56976	0.005086029	0.1927029	0.002298625	-2.336068	0	0	615.8156	0	89.74241	-1.924247	8.254518	2.827428	0.9083863	-1.995561	0.05217428	-0.4518535	0	0	
0	0	0	44	1.021688E-06	189.3238	0	77.07845	2.53086	0.00723349	-2.953787	0.003508372	2.639843	0.001020018	0.7504316	0	0	614.9619	0	89.47579	-1.911148	8.276819	2.840369	0.928773	-1.98784	0.02669485	-1.123467	0	0	
0	0	0	45	1.022693E-06	189.2946	0	77.09071	2.531283	0.002689226	-1.45217	0.003513271	0.4158998	0.0009968202	-2.193093	0	0	614.598	0	89.27142	-1.901989	8.285826	2.844485	0.8986737	-1.984029	0.07056435	-0.6897703	0	0	
0	0	0	46	1.023698E-06	189.3047	0	77.08921	2.530851	0.00730739	-2.031992	0.002112357	2.45253	0.002314407	1.62228	0	0	614.4899	0	89.12177	-1.88663	8.26237	2.855034	0.8956679	-1.94834	0.05477161	-0.8251334	0	0	
0	0	0	47	1.024703E-06	189.3603	0	77.06947	2.531269	0.004855623	-2.644674	0.007267603	0.28567	0.001058902	-2.094832	0	0	614.7267	0	89.26833	-1.870497	8.231109	2.859529	0.8966839	-1.951827	0.06624485	-0.904838	0	0	
0	0	0	48	1.025716E-06	189.3621	0	77.09831	2.53124	0.00436921	-2.614813	0.004351613	2.598398	0.0006655809	1.107934	0	0	614.7928	0	89.12092	-1.857938	8.234548	2.865083	0.8917851	-1.956326	0.04042927	-0.9261267	0	0	
0	0	0	49	1.026713E-06	189.3442	0	77.09906	2.530668	0.00683251	-2.685677	0.004459544	1.132851	0.0003755162	1.871049	0	0	614.6771	0	89.27982	-1.847636	8.214354	2.866932	0.900517	-1.970006	0.06663363	-0.5425962	0	0	
0	0	0	50	1.027718E-06	189.3118	0	77.12264	2.531324	0.0005846386	-2.865879	0.005540942	1.132285	0.001800402	-1.67807	0	0	614.2577	0	88.88061	-1.836189	8.249273	2.877022	0.8967116	-1.959155	0.0293731	-0.8538609	0	0	
0	0	0	51	1.028723E-06	189.322	0	77.10701	2.531532	0.00616123	-3.108724	0.007138856	-1.592152	0.001544818	0.3255339	0	0	614.0174	0	88.6728	-1.834883	8.216993	2.872367	0.9038744	-1.966904	0.04159539	-0.4950261	0	0	
0	0	0	52	1.029728E-06	189.3694	0	77.08894	2.531097	0.00710871	-2.266656	0.003699191	-2.409094	0.002072247	-1.623372	0	0	614.5098	0	88.44051	-1.825836	8.188747	2.877719	0.8765611	-1.930602	0.05705072	-0.4043563	0	0	
0	0	0	53	1.030733E-06	189.3837	0	77.12096	2.531731	0.007324662	-0.370012	0.001401533	-1.709683	0.003304431	0.9666516	0	0	614.3638	0	88.47141	-1.824434	8.175946	2.872572	0.8689834	-1.930797	0.05622059	-0.4193187	0	0	
0	0	0	54	1.031738E-06	189.348	0	77.12286	2.531851	0.004118036	-1.276101	0.001376374	0.2952045	0.001388479	2.023257	0	0	614.5966	0	88.28854	-1.820884	8.150405	2.869895	0.8758716	-1.939554	0.0449577	-0.7579047	0	0	
0	0	0	55	1.032743E-06	189.3193	0	77.13775	2.531236	0.003356901	-3.084086	0.005510403	-1.140913	0.002296737	2.493256	0	0	613.6203	0	87.84664	-1.816427	8.152678	2.871056	0.871094	-1.953405	0.05008934	-1.082177	0	0	
0	0	0	56	1.033748E-06	189.3308	0	77.09607	2.531393	0.004595389	-2.856867	0.008606625	-3.101104	0.001379679	-2.905035	0	0	613.4667	0	87.84502	-1.807918	8.165478	2.869447	0.8601133	-1.935413	0.06654237	-0.6797022	0	0	
0	0	0	57	1.034761E-06	189.3743	0	77.15707	2.531599	0.005238509	-1.929763	0.006140864	-1.398717	0.002283835	1.901921	0	0	613.1681	0	87.90672	-1.804585	8.186438	2.866162	0.8725402	-1.957018	0.04630921	-0.3403021	0	0	
0	0	0	58	1.035758E-06	189.391	0	77.12622	2.531328	0.00322142	-2.800151	0.009343541	-1.268926	0.001256951	2.171821	0	0	612.434	0	87.60761	-1.801768	8.185693	2.864687	0.8661135	-1.954162	0.04980516	-0.427332	0	0	
0	0	0	59	1.036763E-06	189.3626	0	77.17104	2.531415	0.004416236	-1.450365	0.007173788	2.251841	0.003547298	-2.061454	0	0	612.4847	0	87.70248	-1.794267	8.175541	2.866571	0.8716185	-1.936753	0.06769606	-0.3968467	0	0	
0	0	0	60	1.037768E-06	189.3255	0	77.13501	2.531407	0.005745843	-1.838404	0.007524509	-0.6207713	0.002831082	-0.6462147	0	0	611.6333	0	87.57535	-1.788819	8.182137	2.864441	0.870519	-1.945811	0.04387198	-0.3664861	0	0	
0	0	0	61	1.038773E-06	189.3397	0	77.12557	2.531441	0.004827493	-2.210972	0.002238942	-1.013994	0.0004014481	2.168522	0	0	611.548	0	87.59265	-1.78231	8.173934	2.862015	0.8718476	-1.964907	0.06972029	-0.4239925	0	0	
0	0	0	62	1.039778E-06	189.382	0	77.11822	2.531595	0.002553284	-0.9059076	0.003488257	2.01526	0.002493846	-1.321943	0	0	611.1244	0	87.55591	-1.774505	8.176373	2.861687	0.8633215	-1.959563	0.03786382	-0.01951685	0	0	
0	0	0	63	1.040783E-06	189.3752	0	77.11128	2.531239	0.002733828	-2.821083	0.003432934	2.388165	0.002921117	-2.631356	0	0	611.3564	0	87.70643	-1.768472	8.187945	2.858722	0.8483022	-1.95351	0.05000501	-0.4064837	0	0	
0	0	0	64	1.041788E-06	189.3549	0	77.14751	2.531492	0.001430034	-0.1166274	0.001450057	2.110534	0.0002188249	1.333772	0	0	610.7079	0	87.2855	-1.761455	8.197215	2.864526	0.8626537	-1.96685	0.05402393	-0.3877025	0	0	
0	0	0	65	1.042793E-06	189.3268	0	77.13462	2.532074	0.007426714	-2.705673	0.01100563	2.151365	0.001044716	-1.618031	0	0	611.0581	0	87.08253	-1.759825	8.175061	2.858755	0.8740307	-1.957433	0.04367918	-0.5206065	0	0	
0	0	0	66	1.043798E-06	189.3464	0	77.1319	2.532027	0.002724123	-2.08723	0.002147448	-1.27805	0.002840506	-1.837475	0	0	610.4364	0	86.83931	-1.751252	8.165176	2.86349	0.8641855	-1.962599	0.06270071	-0.4100264	0	0	
0	0	0	67	1.044812E-06	189.3869	0	77.14348	2.532143	0.001912953	-1.633109	0.005870735	-2.790723	0.00100113	1.932525	0	0	610.8849	0	86.62512	-1.746064	8.140426	2.862696	0.8438614	-1.956345	0.05932577	-0.2868035	0	0	
0	0	0	68	1.045808E-06	189.3818	0	77.1419	2.532245	0.005277853	-1.386036	0.01003515	0.371424	0.0008719816	-2.943637	0	0	610.385	0	86.28946	-1.738998	8.167064	2.865196	0.8404068	-1.983666	0.08264863	-0.4541793	0	0	
0	0	0	69	1.046813E-06	189.3467	0	77.13322	2.532124	0.00188418	-2.371556	0.002802488	0.8321902	0.001136809	2.747952	0	0	609.912	0	85.7683	-1.731598	8.144484	2.870211	0.8290805	-1.961172	0.02842119	-0.8956248	0	0	
0	0	0	70	1.047818E-06	189.3264	0	77.19999	2.531972	0.006011736	-2.006675	0.005018435	2.521089	0.001428675	0.02212193	0	0	610.5044	0	85.85315	-1.719705	8.150181	2.874009	0.8354238	-1.944129	0.04417989	-0.4643197	0	0	
0	0	0	71	1.048823E-06	189.3453	0	77.14887	2.532416	0.005990836	-1.780991	0.004219301	0.4364576	0.001840871	0.3290178	0	0	610.5118	0	85.93533	-1.710322	8.12845	2.874619	0.8473602	-1.935711	0.04345313	-0.2734381	0	0	
0	0	0	72	1.049828E-06	189.3973	0	77.16296	2.532105	0.00373197	-2.158285	0.005885236	-0.8955868	0.001064792	-1.332067	0	0	610.4392	0	85.32068	-1.700556	8.09303	2.881507	0.8428748	-1.942475	0.05668073	-0.6725094	0	0	
0	0	0	73	1.050833E-06	189.3918	0	77.17292	2.532074	0.005080164	-1.511857	0.008822619	0.03309991	0.005520661	1.810017	0	0	609.9126	0	84.79528	-1.689917	8.083862	2.88917	0.827705	-1.944593	0.06104518	-0.4402456	0	0	
0	0	0	74	1.051838E-06	189.346	0	77.15345	2.532208	0.01058419	-1.883153	0.001698914	1.646081	0.00275824	2.072407	0	0	610.5114	0	84.74188	-1.682384	8.063683	2.891249	0.8614004	-1.934083	0.06119996	-0.5809133	0	0	
0	0	0	75	1.052843E-06	189.3315	0	77.17288	2.5319	0.005629736	-1.806009	0.008014635	0.08174974	0.001701564	3.044107	0	0	609.5891	0	84.41619	-1.670489	8.066866	2.899031	0.819262	-1.930867	0.06200462	-0.6463668	0	0	
0	0	0	76	1.053857E-06	189.3524	0	77.1432	2.532139	0.001343741	0.7688645	0.002019149	-0.3622964	0.00066647	-1.392709	0	0	610.4667	0	84.37858	-1.659376	8.044901	2.905975	0.8416381	-1.94676	0.06644964	-0.4941356	0	0	
0	0	0	77	1.054854E-06	189.3868	0	77.17462	2.532515	0.004321945	-2.078946	0.004713338	1.648455	0.002156107	-2.424443	0	0	609.7082	0	83.92752	-1.652673	8.044946	2.905613	0.8326183	-1.927765	0.04939967	-0.2627578	0	0	
0	0	0	78	1.055859E-06	189.389	0	77.19057	2.53211	0.008345082	-1.628317	0.004938465	1.347645	0.001611659	-0.5915892	0	0	610.0457	0	83.91324	-1.642675	8.013676	2.908037	0.8303559	-1.91859	0.03890527	-0.5523416	0	0	
0	0	0	79	1.056864E-06	189.3372	0	77.19406	2.532445	0.00156599	1.241634	0.002445255	-1.150083	0.0009638769	2.818542	0	0	610.0572	0	83.4659	-1.635784	7.990936	2.910163	0.8390968	-1.962415	0.06193128	-0.8071508	0	0	
0	0	0	80	1.057869E-06	189.3311	0	77.14657	2.532511	0.007039494	-1.122589	0.002367887	-2.896293	0.001006951	-0.01541424	0	0	608.9797	0	82.61911	-1.625498	8.010291	2.920585	0.8122785	-1.939084	0.04984465	-0.5047241	0	0	
0	0	0	81	1.058874E-06	189.3546	0	77.19596	2.532268	0.001818208	1.076871	0.003677664	0.1449496	0.001522768	0.2952356	0	0	608.5262	0	82.4845	-1.618424	8.021283	2.918681	0.8252501	-1.938831	0.05214785	-0.2219227	0	0	
0	0	0	82	1.059879E-06	189.3952	0	77.18846	2.531955	0.005468795	-2.008197	0.004317931	0.7717902	0.001647191	1.848536	0	0	608.2455	0	82.53622	-1.607932	8.023349	2.920554	0.8097509	-1.939132	0.07134713	-0.6784722	0	0	
0	0	0	83	1.060884E-06	189.3891	0	77.15584	2.532094	0.001966175	-1.877892	0.001155152	-2.011295	0.0002940253	-0.7689069	0	0	608.2407	0	82.45032	-1.601131	8.013013	2.919049	0.8144533	-1.933903	0.05636678	-0.3316246	0	0	
0	0	0	84	1.061889E-06	189.3226	0	77.18649	2.532244	0.006643156	-2.361518	0.003495999	-0.3106021	0.001745602	1.696213	0	0	607.5001	0	82.12891	-1.59457	8.033555	2.921777	0.8081174	-1.933957	0.03617105	0.2508812	0	0	
0	0	0	85	1.062894E-06	189.3218	0	77.18764	2.532078	0.00587341	-1.320421	0.005730562	-2.197874	0.000763525	-1.863903	0	0	607.861	0	81.79775	-1.586856	8.000886	2.921806	0.8258692	-1.951979	0.03624561	-0.5907171	0	0	
0	0	0	86	1.063907E-06	189.3407	0	77.20573	2.532999	0.004223227	-0.7718051	0.008736577	0.6287978	0.002655671	3.08646	0	0	607.7458	0	81.86211	-1.581651	7.988302	2.9184	0.8249271	-1.91033	0.05688914	-0.574466	0	0	
0	0	0	87	1.064904E-06	189.3715	0	77.21803	2.533251	0.003573025	-2.285616	0.01080264	-1.822202	0.001746426	-2.812091	0	0	608.1785	0	81.62185	-1.575908	7.994407	2.924793	0.8118932	-1.929953	0.05195687	-0.1745508	0	0	
0	0	0	88	1.065909E-06	189.3605	0	77.21275	2.532645	0.007356457	-1.810833	0.002228478	0.9117841	0.003299958	1.757631	0	0	607.2303	0	81.28543	-1.568755	7.997283	2.919812	0.8236164	-1.957812	0.04958657	-0.04340256	0	0	
0	0	0	89	1.066914E-06	189.3064	0	77.20107	2.532061	0.003699831	-2.10834	0.002660176	1.207131	0.005335914	2.382871	0	0	607.0982	0	81.04164	-1.55864	7.982404	2.926611	0.8262194	-1.960989	0.06158669	-0.7479438	0	0	
0	0	0	90	1.067919E-06	189.3127	0	77.24931	2.532653	0.004690007	-1.172236	0.009674206	-0.143177	0.0005558143	1.785038	0	0	607.1433	0	80.64541	-1.548247	7.957942	2.927229	0.815053	-1.948135	0.06952251	-0.7645101	0	0	
0	0	0	91	1.068924E-06	189.3331	0	77.25314	2.532351	0.005383765	-2.355363	0.009644242	-0.6405839	0.001110195	-0.4577907	0	0	607.4243	0	80.55894	-1.545266	7.937735	2.924469	0.8140989	-1.970679	0.05265924	-0.3891792	0	0	
0	0	0	92	1.069929E-06	189.3556	0	77.17601	2.532697	0.003862257	2.760197	0.006231191	-0.7447715	0.001959261	1.893638	0	0	607.7565	0	80.07676	-1.533882	7.932783	2.92914	0.8236678	-1.931998	0.02902363	0.1890757	0	0	
0	0	0	93	1.070934E-06	189.3547	0	77.20281	2.532641	0.003349102	-1.47837	0.004580703	2.359826	0.001445688	2.308933	0	0	607.6481	0	79.44526	-1.528125	7.895954	2.92816	0.7969456	-1.936428	0.05504318	-0.2274968	0	0	
0	0	0	94	1.071939E-06	189.2822	0	77.21755	2.532457	0.002909933	3.060587	0.003497062	-2.017376	0.001633215	1.321682	0	0	607.1704	0	78.90237	-1.520021	7.911583	2.930698	0.8088437	-1.963758	0.05441444	-0.5900108	0	0	
0	0	0	95	1.072944E-06	189.2885	0	77.17832	2.532246	0.004307216	-3.095631	0.00913557	-1.990881	0.001300152	2.958517	0	0	606.5969	0	79.16006	-1.51071	7.906781	2.932637	0.7917187	-1.947424	0.0457304	0.0452412	0	0	
0	0	0	96	1.073957E-06	189.3179	0	77.25233	2.533034	0.002310541	-1.915549	0.005973302	-2.399255	0.003573111	1.321307	0	0	605.9286	0	78.58269	-1.498604	7.91884	2.940021	0.8043417	-1.952362	0.05901136	-0.7219896	0	0	
0	0	0	97	1.074954E-06	189.3403	0	77.19843	2.532917	0.004115847	-2.211042	0.003193848	-0.4560713	0.00404002	2.3413	0	0	605.7065	0	78.62651	-1.48784	7.901667	2.945647	0.7938445	-1.929543	0.08493438	-0.4893218	0	0	
0	0	0	98	1.075959E-06	189.3311	0	77.20926	2.532869	0.009004382	-1.938295	0.002448447	2.518051	0.0009100198	-2.74992	0	0	605.452	0	78.31551	-1.477949	7.904272	2.948844	0.8220809	-1.93088	0.0746526	-0.1541255	0	0	
0	0	0	99	1.076964E-06	189.2695	0	77.20804	2.53237	0.002542117	-1.204158	0.003353647	1.056529	0.00226162	-1.45879	0	0	604.5891	0	77.77073	-1.468853	7.887734	2.952327	0.8138887	-1.942354	0.05508786	-0.2398719	0	0	
0	0	0	100	1.077969E-06	189.2781	0	77.18624	2.532437	0.008157281	-1.389202	0.005106644	1.738353	0.001039474	3.052046	0	0	605.1093	0	77.59325	-1.461874	7.853813	2.954592	0.8136469	-1.957968	0.06341045	-0.2772282	0	0	
0	0	0	101	1.078974E-06	189.3126	0	77.2439	2.532866	0.006725867	-1.989659	0.007256399	-2.28634	0.0009487002	0.4964662	0	0	604.6619	0	77.03882	-1.450903	7.85219	2.96072	0.8148352	-1.942968	0.03503244	-0.3168806	0	0	
0	0	0	102	1.079979E-06	189.3315	0	77.25278	2.53304	0.006515045	-2.127292	0.0015304	1.852535	0.001953943	-1.208725	0	0	604.6341	0	76.74987	-1.444044	7.821656	2.965226	0.8093951	-1.939117	0.06776527	-0.6018745	0	0	
0	0	0	103	1.080984E-06	189.3175	0	77.25814	2.532439	0.01190867	-1.854558	0.002589924	-1.97666	0.001988473	-0.03161996	0	0	604.4517	0	76.29255	-1.432002	7.81563	2.966821	0.827388	-1.901756	0.05676866	-0.5077756	0	0	
0	0	0	104	1.081989E-06	189.2572	0	77.22768	2.533035	0.003170976	2.606405	0.005801278	2.569281	0.001676195	-1.89097	0	0	604.5393	0	75.93019	-1.426961	7.816217	2.968876	0.8164797	-1.941082	0.06369515	-0.5132752	0	0	
0	0	0	105	1.082994E-06	189.2648	0	77.19915	2.53356	0.003057745	-2.409733	0.005820461	-2.830749	0.001409067	-1.015658	0	0	603.9179	0	75.55039	-1.416996	7.78998	2.970105	0.8034363	-1.919314	0.05252499	-0.5676278	0	0	
0	0	0	106	1.084008E-06	189.3074	0	77.23743	2.53298	0.005006571	-1.266349	0.003616018	2.341607	0.003902654	-2.53813	0	0	603.833	0	74.92395	-1.408119	7.795228	2.975368	0.7993065	-1.95438	0.04793641	-0.2993422	0	0	
0	0	0	107	1.085004E-06	189.3255	0	77.30917	2.533168	0.002596015	3.077387	0.001374988	-1.278831	0.0009093929	-1.517024	0	0	603.4927	0	74.5069	-1.400513	7.792081	2.974642	0.794591	-1.944179	0.05348067	-0.4734865	0	0	
0	0	0	108	1.086009E-06	189.318	0	77.23818	2.533187	0.0008825479	-3.067152	0.005588384	3.125681	0.002534161	-0.861547	0	0	603.5239	0	74.16064	-1.389498	7.757538	2.979442	0.792582	-1.956132	0.05393237	-0.6085219	0	0	
0	0	0	109	1.087014E-06	189.259	0	77.25069	2.533145	0.002785158	1.935696	0.003051852	0.7951585	0.00179811	2.91585	0	0	603.6699	0	73.80888	-1.379838	7.753263	2.983755	0.7879652	-1.934885	0.03269782	-0.9433235	0	0	
0	0	0	110	1.088019E-06	189.2713	0	77.23331	2.53324	0.002368307	-1.959575	0.005034189	-1.766875	0.001080033	-0.5996848	0	0	603.0164	0	73.65409	-1.374176	7.732925	2.979632	0.8103179	-1.940091	0.08952514	-0.7198256	0	0	
0	0	0	111	1.089024E-06	189.3086	0	77.25045	2.53365	0.005102252	-2.617156	0.001215804	2.767568	0.0008527216	-1.026264	0	0	603.5807	0	73.23026	-1.364408	7.701666	2.98349	0.7909604	-1.949199	0.06362669	-0.5144946	0	0	
0	0	0	112	1.090029E-06	189.3217	0	77.29309	2.533187	0.001637439	-1.00805	0.006547116	0.6656367	0.001245025	1.925695	0	0	603.6114	0	73.0792	-1.357255	7.701966	2.988616	0.7903812	-1.942728	0.07057448	-0.4539877	0	0	
0	0	0	113	1.091034E-06	189.3129	0	77.27433	2.533486	0.0009626976	-1.910575	0.003828345	2.504773	0.0006285743	-0.5049593	0	0	603.1863	0	72.59048	-1.346503	7.667459	2.98891	0.7730137	-1.928773	0.05267078	-0.4797108	0	0	
0	0	0	114	1.092039E-06	189.2638	0	77.22577	2.533414	0.005237854	-1.676463	0.004189955	-2.939342	0.001786301	-1.416437	0	0	603.3325	0	72.3448	-1.344632	7.643593	2.986819	0.8095918	-1.917015	0.03007196	-0.8105408	0	0	
0	0	0	115	1.093053E-06	189.2654	0	77.27856	2.53321	0.003964873	-2.551985	0.008307355	2.230911	0.001384356	1.061976	0	0	603.5217	0	71.9251	-1.334038	7.65864	2.988716	0.8018665	-1.924084	0.0667683	-0.2243635	0	0	
0	0	0	116	1.094049E-06	189.3163	0	77.29944	2.533697	0.00539129	-2.365399	0.008564724	-1.419197	0.00152659	1.560415	0	0	603.1171	0	71.66176	-1.326451	7.620051	2.989701	0.7978283	-1.948653	0.07598194	-0.02567828	0	0	
0	0	0	117	1.095055E-06	189.3232	0	77.30588	2.534184	0.004572623	-2.987059	0.005934083	1.483924	0.0004489942	-0.9380719	0	0	602.882	0	71.02395	-1.31584	7.619306	2.99265	0.7890596	-1.917573	0.03898205	-1.5076	0	0	
0	0	0	118	1.09606E-06	189.31	0	77.26502	2.533377	0.003189185	-2.922854	0.002315906	-1.125744	0.001015692	1.303289	0	0	603.42	0	70.68943	-1.309947	7.608851	2.990592	0.805188	-1.925367	0.04460227	-0.1921991	0	0	
0	0	0	119	1.097065E-06	189.2586	0	77.28684	2.533071	0.00741422	-2.808697	0.002501711	-0.4057328	0.002938146	0.9803116	0	0	602.3978	0	70.13557	-1.298957	7.604681	2.994995	0.7841051	-1.935744	0.03617786	-0.6042171	0	0	
0	0	0	120	1.09807E-06	189.2684	0	77.25621	2.534002	0.00416102	-1.084741	0.002853136	-0.04194842	0.001620616	-2.971617	0	0	602.3409	0	69.77041	-1.290134	7.575489	2.994604	0.7732477	-1.942321	0.06410607	-0.2718755	0	0	
0	0	0	121	1.099075E-06	189.319	0	77.31066	2.5333	0.00379883	-1.280731	0.002973828	-0.9637406	0.002594211	-1.87444	0	0	601.6927	0	69.20316	-1.281133	7.553863	2.998667	0.7901573	-1.929834	0.05184128	-0.1933744	0	0	
0	0	0	122	1.10008E-06	189.3218	0	77.29713	2.533546	0.004947729	-2.150848	0.008626631	3.032852	0.000712594	0.4910271	0	0	602.3757	0	69.04389	-1.273194	7.553137	2.999916	0.7933959	-1.955962	0.06506363	-0.4527195	0	0	
0	0	0	123	1.101085E-06	189.2906	0	77.26555	2.533555	0.005658957	-0.8366678	0.003952109	1.194714	0.002153703	-1.526314	0	0	602.3155	0	68.68888	-1.266021	7.512067	2.999294	0.7935508	-1.939019	0.06222415	-0.1825633	0	0	
0	0	0	124	1.10209E-06	189.2447	0	77.30973	2.533871	0.004144595	-1.907009	0.002981893	-0.9093303	0.00142301	1.819618	0	0	602.0709	0	68.36476	-1.256001	7.49142	3.006313	0.7806598	-1.950998	0.03411985	0.2456272	0	0	
0	0	0	125	1.103103E-06	189.2576	0	77.31618	2.533428	0.007644784	-2.654483	0.0007937251	0.899969	0.001420227	-1.167391	0	0	602.2455	0	68.12788	-1.249414	7.475231	3.000291	0.789776	-1.938687	0.07459331	-0.2391909	0	0	
0	0	0	126	1.1041E-06	189.3176	0	77.35027	2.534296	0.00318557	-2.712318	0.00681808	2.873554	0.001833257	2.227339	0	0	601.8875	0	67.61486	-1.243652	7.445669	2.997897	0.7811744	-1.985902	0.03686209	-0.85213	0	0	
0	0	0	127	1.105105E-06	189.314	0	77.29762	2.533355	0.003119075	2.87178	0.002058952	1.270829	0.001638919	-1.726502	0	0	602.3465	0	67.1776	-1.234893	7.43132	3.001764	0.7697779	-1.945763	0.07229239	-0.2125745	0	0	
0	0	0	128	1.10611E-06	189.2846	0	77.29891	2.533482	0.002924481	-1.643731	0.0001940017	0.6778066	0.001141325	-0.1543494	0	0	602.3963	0	66.65298	-1.225519	7.385598	3.004863	0.7832268	-1.931371	0.03093991	-0.7766566	0	0	
0	0	0	129	1.107115E-06	189.2585	0	77.29507	2.533422	0.007720806	-3.106078	0.008877506	1.658406	0.001775761	-0.107129	0	0	602.8659	0	66.09547	-1.217589	7.362275	3.009078	0.7728305	-1.944508	0.045508	0.1374817	0	0	
0	0	0	130	1.10812E-06	189.2648	0	77.30744	2.533823	0.007885976	-2.784318	0.003376354	-2.391536	0.001238418	-2.48567	0	0	602.2386	0	65.44422	-1.210392	7.345363	3.004985	0.7752627	-1.964152	0.07560155	-0.4424638	0	0	
0	0	0	131	1.109125E-06	189.3207	0	77.31364	2.534578	0.002857538	-2.761077	0.01011831	-2.537856	0.002630344	2.202861	0	0	602.8917	0	65.02593	-1.200431	7.301222	3.009319	0.7845927	-1.964847	0.03920703	0.06028065	0	0	
0	0	0	132	1.11013E-06	189.3125	0	77.31703	2.533984	0.006578568	-2.632828	0.006747929	-2.355033	0.001147872	-1.565218	0	0	602.7732	0	64.39661	-1.193949	7.277232	3.009679	0.7699965	-1.975557	0.04265879	-0.4200128	0	0	
0	0	0	133	1.111135E-06	189.2778	0	77.3512	2.534054	0.004803299	-1.287776	0.003159083	-1.643519	0.002252178	2.557706	0	0	603.1033	0	63.93908	-1.182264	7.257663	3.014495	0.7840253	-1.972371	0.05801151	-0.3422717	0	0	
0	0	0	134	1.112148E-06	189.2549	0	77.29877	2.533694	0.007013586	-2.126361	0.00854339	-1.781528	0.0005598181	-2.246183	0	0	602.1799	0	63.47412	-1.173044	7.224028	3.014743	0.7566621	-1.9423	0.06374275	-0.4432111	0	0	
0	0	0	135	1.113145E-06	189.2655	0	77.3267	2.534234	0.006113669	-0.9501288	0.006861994	-2.367265	0.001877116	1.014648	0	0	603.1235	0	63.10204	-1.165611	7.18928	3.014539	0.7799412	-1.960598	0.04281697	-0.7508203	0	0	
0	0	0	136	1.11415E-06	189.3239	0	77.32484	2.533836	0.00806552	-3.119034	0.008723226	0.6695416	0.001599413	-0.3504963	0	0	603.4977	0	62.69088	-1.153371	7.168249	3.019879	0.7604748	-1.940235	0.06692219	-0.7158868	0	0	
0	0	0	137	1.115155E-06	189.3178	0	77.35371	2.534335	0.001520772	2.830452	0.00888015	2.386014	0.0007544605	-1.605161	0	0	603.1458	0	62.4448	-1.149451	7.137262	3.018875	0.7949761	-1.977665	0.04912651	-0.6714541	0	0	
0	0	0	138	1.11616E-06	189.2736	0	77.33155	2.534307	0.002852402	3.051069	0.003789372	2.664707	0.000913716	-3.051965	0	0	603.1801	0	61.93008	-1.135372	7.140508	3.022486	0.7720027	-1.940491	0.04580534	-0.327666	0	0	
0	0	0	139	1.117165E-06	189.2563	0	77.3576	2.534222	0.008545237	-2.881848	0.002727284	-0.3384352	0.0006598793	-0.7935773	0	0	603.2105	0	61.55894	-1.125737	7.1294	3.019115	0.7883883	-1.966873	0.052597	0.01529297	0	0	
0	0	0	140	1.11817E-06	189.2714	0	77.315	2.534024	0.008277245	-2.048864	0.002514574	-2.170933	0.002995691	-0.5625498	0	0	603.0898	0	61.26826	-1.117051	7.106432	3.023878	0.7769435	-1.967386	0.05234939	-0.2350961	0	0	
0	0	0	141	1.119175E-06	189.3212	0	77.31451	2.534649	0.003300538	1.522968	0.0007464822	-2.530474	0.001249049	-1.527297	0	0	603.2303	0	60.72899	-1.106327	7.063556	3.026659	0.7655482	-1.953531	0.05324948	-0.5204867	0	0	
0	0	0	142	1.12018E-06	189.3111	0	77.32607	2.534607	0.002873026	2.987128	0.004097674	-1.121938	0.001132578	-2.670435	0	0	603.2631	0	60.0789	-1.096467	7.058259	3.031001	0.7737737	-1.968986	0.04879756	-0.2370636	0	0	
0	0	0	143	1.121185E-06	189.2692	0	77.32744	2.53426	0.01161319	-1.309381	0.002452074	2.513936	0.002172629	-3.083515	0	0	602.2976	0	59.67162	-1.085487	7.033241	3.032227	0.7901167	-1.954891	0.06914335	0.07737064	0	0	
0	0	0	144	1.122199E-06	189.2656	0	77.34224	2.534456	0.002278374	3.087024	0.004674166	-1.633962	0.003553573	0.4470122	0	0	602.7048	0	58.77049	-1.067834	7.027233	3.035061	0.7565334	-1.971774	0.05460375	-0.05076334	0	0	
0	0	0	145	1.123195E-06	189.2673	0	77.34554	2.534641	0.005454213	-1.13635	0.005659767	1.018136	0.001460328	3.121932	0	0	602.1834	0	58.58868	-1.066808	6.959898	3.033873	0.7696038	-1.963508	0.04550361	-0.2544131	0	0	
0	0	0	146	1.1242E-06	189.3143	0	77.33955	2.533788	0.002894647	-2.119706	0.003292043	3.114858	0.0007509689	-2.249271	0	0	601.9604	0	57.97417	-1.050166	6.949177	3.040885	0.7628289	-1.950331	0.03517431	0.1646708	0	0	
0	0	0	147	1.125205E-06	189.3147	0	77.32835	2.534617	0.00151463	-2.47803	0.00329024	-0.6715115	0.002091317	-2.229516	0	0	601.553	0	57.60312	-1.043531	6.9232	3.034592	0.7721572	-1.963535	0.03521074	-0.4314055	0	0	
0	0	0	148	1.12621E-06	189.2676	0	77.38584	2.534706	0.001389077	-2.206773	0.006621716	-0.7750366	0.001470545	2.572998	0	0	602.6755	0	57.04622	-1.030717	6.906049	3.038964	0.7864403	-1.953003	0.02822121	-0.9634694	0	0	
0	0	0	149	1.127215E-06	189.2528	0	77.34998	2.533907	0.002380922	2.922975	0.005029979	1.152714	0.001125311	-0.08539072	0	0	602.2781	0	56.84862	-1.023693	6.870854	3.040909	0.7676689	-1.93529	0.05710223	0.03187919	0	0	
0	0	0	150	1.12822E-06	189.282	0	77.35707	2.534702	0.003008278	0.06437134	0.005023504	1.200245	0.002470535	-0.9660236	0	0	602.547	0	56.41284	-1.0149	6.848786	3.045876	0.7773041	-1.946534	0.05280184	-0.6816038	0	0	
0	0	0	151	1.129225E-06	189.3136	0	77.37726	2.534781	0.00681575	-1.517482	0.008922013	-0.2687097	0.003032142	-1.754826	0	0	603.3592	0	55.89348	-1.001856	6.830218	3.046595	0.7759295	-1.954864	0.03685873	-0.2997189	0	0	
0	0	0	152	1.13023E-06	189.3103	0	77.35899	2.534502	0.001533878	0.5521114	0.00567609	0.854202	0.000880922	1.896137	0	0	603.2285	0	55.45929	-0.9958493	6.779274	3.045934	0.7875126	-1.959513	0.05877583	-0.5473897	0	0	
0	0	0	153	1.131235E-06	189.2655	0	77.34488	2.534364	0.0009617729	-1.795018	0.007592473	1.378515	0.001304568	-2.696044	0	0	603.5274	0	54.99198	-0.9790253	6.771184	3.050946	0.7763312	-1.938981	0.03820664	-0.6449681	0	0	
0	0	0	154	1.132249E-06	189.256	0	77.37108	2.534418	0.004246895	-1.859787	0.002931708	-0.8344144	0.0004381876	1.404752	0	0	603.2051	0	54.4292	-0.9661343	6.770288	3.052437	0.7812454	-1.933066	0.08426908	-0.6666532	0	0	
0	0	0	155	1.133245E-06	189.2908	0	77.38431	2.534402	0.00793352	-2.489566	0.00788562	2.717771	0.001034154	1.871259	0	0	603.7303	0	53.87799	-0.9598444	6.720023	3.052293	0.7751279	-1.987784	0.03950855	-0.4764635	0	0	
0	0	0	156	1.13425E-06	189.3205	0	77.3901	2.534299	0.003952797	-2.457783	0.01129395	2.680514	0.0009587824	0.9419529	0	0	604.0464	0	53.36189	-0.9468215	6.7186	3.056228	0.7599711	-1.975842	0.05395673	-0.09726878	0	0	
0	0	0	157	1.135256E-06	189.3221	0	77.36115	2.53459	0.001899829	2.897693	0.003942954	1.482224	0.0002282095	0.7312512	0	0	604.045	0	52.82074	-0.9330167	6.671274	3.05439	0.7599722	-1.967983	0.08305823	-0.4164746	0	0	
0	0	0	158	1.13626E-06	189.2703	0	77.35457	2.534621	0.004758869	-1.476592	0.006715933	1.171218	0.002648635	-0.7153502	0	0	603.9659	0	52.37828	-0.9237244	6.67358	3.05573	0.7670751	-1.944298	0.0618702	-0.2629386	0	0	
0	0	0	159	1.137265E-06	189.2661	0	77.39806	2.534797	0.002422376	0.04874573	0.004963605	-0.9127532	0.001363225	0.8471305	0	0	604.4552	0	51.91211	-0.9119369	6.623487	3.059498	0.7726635	-1.945597	0.02081359	0.001808641	0	0	
0	0	0	160	1.13827E-06	189.2868	0	77.36787	2.534497	0.004198421	-2.37673	0.00276486	-1.416414	0.001257307	-2.339995	0	0	604.0096	0	51.47643	-0.9048455	6.603839	3.057815	0.7682002	-1.944327	0.05929475	-0.6889189	0	0	
0	0	0	161	1.139276E-06	189.308	0	77.3564	2.534382	0.002583752	2.510206	0.003510077	1.500948	0.001551511	-1.486183	0	0	604.7877	0	51.05358	-0.8942428	6.562557	3.059536	0.7553811	-1.953855	0.04998371	-0.1791576	0	0	
0	0	0	162	1.140281E-06	189.3146	0	77.40706	2.534596	0.002998163	-2.346351	0.006467877	0.4683191	0.002264285	0.2228981	0	0	605.008	0	50.68634	-0.882918	6.527576	3.055648	0.7606006	-1.946663	0.06783405	-0.5893947	0	0	
0	0	0	163	1.141294E-06	189.2639	0	77.4012	2.534639	0.00483259	-2.437318	0.004445087	1.458178	0.001281467	-1.301274	0	0	605.0872	0	50.1499	-0.8738928	6.482639	3.0605	0.762197	-1.962587	0.05213603	-0.05594116	0	0	
0	0	0	164	1.142291E-06	189.2603	0	77.42036	2.535094	0.006720835	-1.292376	0.00475696	1.447366	0.002160757	2.973566	0	0	604.5015	0	49.56698	-0.8570367	6.495107	3.064663	0.7592207	-1.940406	0.06037551	-0.6942786	0	0	
0	0	0	165	1.143296E-06	189.2879	0	77.37633	2.534666	0.008640311	-1.906605	0.009725947	2.06956	0.003621203	0.3606114	0	0	605.0894	0	49.09277	-0.8537227	6.440896	3.060849	0.7761975	-1.960263	0.04362209	0.1440879	0	0	
0	0	0	166	1.144301E-06	189.3205	0	77.3956	2.53488	0.004119823	-2.906147	0.003304288	-2.102702	0.001026922	-2.039416	0	0	605.3022	0	48.48573	-0.8387164	6.395205	3.061149	0.7642606	-1.960925	0.05407662	0.1740713	0	0	
0	0	0	167	1.145306E-06	189.3209	0	77.39478	2.534743	0.005873174	-2.633439	0.004948218	2.087489	0.001423575	2.04632	0	0	605.1523	0	48.03757	-0.8290464	6.381094	3.062031	0.7522619	-1.933766	0.05980691	-0.2577687	0	0	
0	0	0	168	1.146311E-06	189.2648	0	77.38835	2.535348	0.002410588	3.10459	0.006529297	-1.166664	0.0007361392	1.495001	0	0	604.9823	0	47.41846	-0.8169029	6.34675	3.06123	0.7560523	-1.950185	0.05031825	-0.5831391	0	0	
0	0	0	169	1.147316E-06	189.2491	0	77.37115	2.535116	0.003144328	-2.526694	0.01010975	3.075572	0.001769956	2.268999	0	0	604.8766	0	46.85746	-0.8026605	6.359868	3.061385	0.7573071	-1.980086	0.0284627	-0.4274525	0	0	
0	0	0	170	1.148321E-06	189.2865	0	77.37383	2.535438	0.002439022	-2.288364	0.009109935	1.220356	0.002750714	-2.719433	0	0	604.8159	0	46.47327	-0.7975856	6.305176	3.061541	0.7662532	-1.949663	0.04917766	0.6110458	0	0	
0	0	0	171	1.149326E-06	189.308	0	77.40353	2.534956	0.002773968	-2.403956	0.002430395	2.79537	0.001914226	-0.008083235	0	0	605.0883	0	45.81938	-0.7813483	6.276036	3.061396	0.7501822	-2.004919	0.0621336	0.08063331	0	0	
0	0	0	172	1.150331E-06	189.306	0	77.44249	2.535851	0.00252373	-2.907258	0.001108772	-0.9627455	0.002666832	2.060223	0	0	605.3367	0	45.24817	-0.768267	6.242199	3.060827	0.7531024	-1.950932	0.05185606	-0.4410754	0	0	
0	0	0	173	1.151344E-06	189.2566	0	77.4002	2.53526	0.004059175	-2.88782	0.003625838	2.029314	0.003600061	-0.9794505	0	0	605.0327	0	44.79841	-0.7622598	6.20775	3.059537	0.7722036	-1.961179	0.0431294	-0.5390604	0	0	
0	0	0	174	1.152341E-06	189.2545	0	77.39088	2.535318	0.008958932	-1.931475	0.004883768	-1.204609	0.00183416	0.8386779	0	0	605.1991	0	44.29023	-0.7499927	6.16141	3.062731	0.7389547	-1.948057	0.06322029	-0.1213007	0	0	
0	0	0	175	1.153346E-06	189.2959	0	77.43413	2.535399	0.006298884	-1.550875	0.005083289	2.309257	0.003862842	-0.2836341	0	0	605.5543	0	43.82574	-0.7393084	6.138895	3.057492	0.7460748	-1.950003	0.04596402	-0.5320111	0	0	
0	0	0	176	1.154351E-06	189.3184	0	77.41649	2.535659	0.004698514	-1.311879	0.009135684	0.3805753	0.0005509833	0.2876762	0	0	606.1902	0	43.23629	-0.7305781	6.095041	3.060092	0.7446867	-1.98088	0.06481794	-0.3921714	0	0	
0	0	0	177	1.155356E-06	189.31	0	77.41145	2.53524	0.003072405	-0.2411717	0.009245458	-2.752911	0.002074793	-2.81418	0	0	606.0448	0	42.71998	-0.7183671	6.060167	3.054446	0.756752	-1.943208	0.05099514	0.2670623	0	0	
0	0	0	178	1.156361E-06	189.263	0	77.39372	2.535445	0.006078781	-1.885453	0.004506799	2.435621	0.002172943	2.393542	0	0	605.7275	0	42.15119	-0.7059637	6.032972	3.057572	0.7558	-1.95951	0.06991528	-0.6131204	0	0	
0	0	0	179	1.157366E-06	189.2518	0	77.45737	2.53617	0.002779357	-2.869861	0.005760427	3.101092	0.0009556366	-2.327978	0	0	605.9274	0	41.63797	-0.6958807	6.005134	3.052054	0.74095	-1.960327	0.04138678	-0.1079872	0	0	
0	0	0	180	1.158371E-06	189.3049	0	77.4669	2.535826	0.004933687	-2.237306	0.005885217	2.03064	0.002695305	-1.018474	0	0	606.0921	0	41.08841	-0.6823064	5.963296	3.052812	0.7526584	-1.983358	0.06452205	-0.02708201	0	0	
0	0	0	181	1.159376E-06	189.3223	0	77.40452	2.53616	0.004434039	2.811568	0.006506643	1.842454	0.0008581245	-0.06192494	0	0	605.9462	0	40.64369	-0.672219	5.920123	3.049281	0.74813	-1.978197	0.04277883	-0.620877	0	0	
0	0	0	182	1.160381E-06	189.3126	0	77.47284	2.535883	0.003854566	-2.177788	0.006039215	2.415708	0.002487371	2.711103	0	0	605.5355	0	40.04768	-0.6614426	5.922824	3.044429	0.7427288	-2.005579	0.06124065	-0.1728178	0	0	
0	0	0	183	1.161395E-06	189.2633	0	77.44349	2.536186	0.001075599	2.887396	0.0038673	1.361194	0.0002305781	2.473504	0	0	606.7365	0	39.39906	-0.646974	5.887315	3.046968	0.7437736	-1.978484	0.05314126	0.04927817	0	0	
0	0	0	184	1.162391E-06	189.265	0	77.43983	2.535959	0.002798883	2.896771	0.00779676	1.192219	0.003130754	3.020359	0	0	606.0872	0	38.80547	-0.6399125	5.840345	3.045645	0.7373189	-1.979286	0.06323858	-0.7128582	0	0	
0	0	0	185	1.163396E-06	189.3204	0	77.4296	2.535992	0.001740278	3.098949	0.003577313	3.086038	0.0007839126	-0.2721589	0	0	606.4391	0	38.24694	-0.6307926	5.792945	3.039921	0.7353771	-1.981506	0.04445549	-0.3435545	0	0	
0	0	0	186	1.164401E-06	189.3261	0	77.41536	2.535864	0.006009849	-2.360374	0.002654483	1.489176	0.000519713	-2.713521	0	0	606.6624	0	37.62492	-0.6249186	5.764692	3.030042	0.7499888	-1.992131	0.06020494	-0.5505326	0	0	
0	0	0	187	1.165406E-06	189.3141	0	77.45527	2.5361	0.008744814	-3.109027	0.003661359	-1.518423	0.0005870304	-3.048269	0	0	606.2526	0	37.09034	-0.6258189	5.715594	3.019447	0.7537722	-1.988182	0.05731181	-0.3828616	0	0	
0	0	0	188	1.166411E-06	189.2801	0	77.46518	2.535851	0.006192429	-1.482932	0.004639128	1.824428	0.001205758	0.5987426	0	0	606.3034	0	36.61124	-0.6186236	5.682969	3.016223	0.7352262	-2.009568	0.05830117	-0.8409612	0	0	
0	0	0	189	1.167416E-06	189.276	0	77.43567	2.535724	0.004803716	-2.951644	0.002446209	-0.5348196	0.000519751	-2.437773	0	0	606.3629	0	36.04553	-0.6165861	5.648316	3.003569	0.7329856	-1.996084	0.0354947	-0.07501174	0	0	
0	0	0	190	1.168421E-06	189.3257	0	77.50146	2.536291	0.006297885	-1.691048	0.001394302	-1.512284	0.0008719374	-2.951259	0	0	606.4626	0	35.51955	-0.6148277	5.611661	2.992165	0.744159	-2.012618	0.03300954	0.1757992	0	0	
0	0	0	191	1.169426E-06	189.3429	0	77.48451	2.536	0.00332462	-2.20706	0.007300115	2.419604	0.003240668	-1.793514	0	0	605.9415	0	34.90462	-0.6055966	5.602096	2.980016	0.7315354	-2.031295	0.06144226	-0.4529403	0	0	
0	0	0	192	1.17044E-06	189.3395	0	77.49926	2.535922	0.003624004	-2.03699	0.003262528	2.451299	0.003015812	2.364716	0	0	606.2197	0	34.34993	-0.6000438	5.562299	2.971335	0.7455496	-2.055613	0.04958032	-0.315042	0	0	
0	0	0	193	1.171436E-06	189.2991	0	77.51188	2.53559	0.004378219	-1.31019	0.005967805	2.391485	0.002685325	-0.01551981	0	0	606.5594	0	33.76553	-0.5906021	5.531453	2.96636	0.7330438	-2.066431	0.03706515	-0.5219558	0	0	
0	0	0	194	1.172441E-06	189.291	0	77.46944	2.53596	0.002385883	-1.848563	0.006323429	-1.9175	0.001389207	-0.8273973	0	0	607.3663	0	33.21497	-0.5822856	5.509451	2.959895	0.7496167	-2.059749	0.06645019	-0.6337245	0	0	
0	0	0	195	1.173446E-06	189.3589	0	77.49671	2.536059	0.0038128	-1.572025	0.005721994	-2.810294	0.001230758	1.122163	0	0	606.2229	0	32.77003	-0.5780502	5.468756	2.950261	0.7393609	-2.04516	0.06053552	-1.046496	0	0	
0	0	0	196	1.174451E-06	189.3598	0	77.47861	2.535877	0.003801921	-2.147044	0.005519615	-1.506245	0.001667813	-0.2016619	0	0	607.2306	0	32.22577	-0.5684549	5.449519	2.941316	0.7264205	-2.063222	0.07353372	-0.7463794	0	0	
0	0	0	197	1.175457E-06	189.3436	0	77.45251	2.536792	0.004036789	2.839379	0.004153845	-1.049028	0.002223434	-0.6750737	0	0	607.1179	0	31.71054	-0.5618346	5.406462	2.930536	0.7141567	-2.070233	0.04438293	-0.4083603	0	0	
0	0	0	198	1.176462E-06	189.3088	0	77.46632	2.535817	0.003409813	-2.665023	0.004664782	1.484669	0.0002599152	2.32025	0	0	607.0698	0	31.13677	-0.5534741	5.378309	2.917295	0.7344682	-2.096965	0.04481922	-1.006209	0	0	
0	0	0	199	1.177467E-06	189.3047	0	77.44422	2.535742	0.006481575	-2.357769	0.005422007	-1.218604	0.001368369	1.941596	0	0	607.5184	0	30.52369	-0.5429254	5.319944	2.9154	0.7384801	-2.073948	0.03247245	-0.6478381	0	0	
